// Game: Generic
// Format: Standard
// entity 0
{
"classname" "worldspawn"
"targetname" ""
// brush 0
{
( -192 -64 -16 ) ( -192 -63 -16 ) ( -192 -64 -15 ) __TB_empty 0 0 0 1 1
( -64 -192 -16 ) ( -64 -192 -15 ) ( -63 -192 -16 ) __TB_empty 0 0 0 1 1
( -64 -64 -16 ) ( -63 -64 -16 ) ( -64 -63 -16 ) __TB_empty 0 0 0 1 1
( 64 64 16 ) ( 64 65 16 ) ( 65 64 16 ) __TB_empty 0 0 0 1 1
( 64 192 16 ) ( 65 192 16 ) ( 64 192 17 ) __TB_empty 0 0 0 1 1
( 192 64 16 ) ( 192 64 17 ) ( 192 65 16 ) __TB_empty 0 0 0 1 1
}
// brush 1
{
( -160 -160 16 ) ( -160 -159 16 ) ( -160 -160 17 ) __TB_empty 0 16 0 1 1
( -160 -160 16 ) ( -160 -160 17 ) ( -159 -160 16 ) __TB_empty 0 16 0 1 1
( -160 -160 16 ) ( -159 -160 16 ) ( -160 -159 16 ) __TB_empty 0 0 0 1 1
( -96 -96 80 ) ( -96 -95 80 ) ( -95 -96 80 ) __TB_empty 0 0 0 1 1
( -96 -96 80 ) ( -95 -96 80 ) ( -96 -96 81 ) __TB_empty 0 16 0 1 1
( -96 -96 80 ) ( -96 -96 81 ) ( -96 -95 80 ) __TB_empty 0 16 0 1 1
}
// brush 2
{
( -176 -128 80 ) ( -128 -128 112 ) ( -176 -176 80 ) __TB_empty 0 0 0 1 1
( -176 -176 80 ) ( -128 -128 112 ) ( -128 -176 80 ) __TB_empty 0 0 0 1 1
( -128 -128 80 ) ( -176 -128 80 ) ( -176 -176 80 ) __TB_empty 0 0 0 1 1
( -128 -128 80 ) ( -128 -128 112 ) ( -176 -128 80 ) __TB_empty 0 16 0 1 1
( -128 -176 80 ) ( -128 -128 112 ) ( -128 -128 80 ) __TB_empty 0 16 0 1 1
}
// brush 3
{
( -176 -80 80 ) ( -128 -128 112 ) ( -176 -128 80 ) __TB_empty 0 -16 0 1 1
( -176 -128 80 ) ( -128 -128 112 ) ( -128 -128 80 ) __TB_empty 0 16 0 1 1
( -128 -128 80 ) ( -128 -80 80 ) ( -176 -80 80 ) __TB_empty 0 -16 0 1 1
( -176 -80 80 ) ( -128 -80 80 ) ( -128 -128 112 ) __TB_empty 0 -16 0 1 1
( -128 -128 112 ) ( -128 -80 80 ) ( -128 -128 80 ) __TB_empty 16 16 0 1 1
}
// brush 4
{
( -128 -128 112 ) ( -128 -128 80 ) ( -128 -80 80 ) __TB_empty 16 16 0 1 1
( -128 -128 112 ) ( -80 -128 80 ) ( -128 -128 80 ) __TB_empty -16 16 0 1 1
( -80 -128 80 ) ( -80 -80 80 ) ( -128 -80 80 ) __TB_empty -16 -16 0 1 1
( -128 -80 80 ) ( -80 -80 80 ) ( -128 -128 112 ) __TB_empty -16 -16 0 1 1
( -128 -128 112 ) ( -80 -80 80 ) ( -80 -128 80 ) __TB_empty -16 -16 0 1 1
}
// brush 5
{
( -128 -128 80 ) ( -128 -128 112 ) ( -128 -176 80 ) __TB_empty 0 16 0 1 1
( -128 -128 112 ) ( -80 -176 80 ) ( -128 -176 80 ) __TB_empty -16 0 0 1 1
( -80 -176 80 ) ( -80 -128 80 ) ( -128 -128 80 ) __TB_empty -16 0 0 1 1
( -128 -128 80 ) ( -80 -128 80 ) ( -128 -128 112 ) __TB_empty -16 16 0 1 1
( -128 -128 112 ) ( -80 -128 80 ) ( -80 -176 80 ) __TB_empty -16 0 0 1 1
}
// brush 6
{
( -144 -96 16 ) ( -144 -95 16 ) ( -144 -96 17 ) __TB_empty 0 0 0 1 1
( -144 -96 16 ) ( -144 -96 17 ) ( -143 -96 16 ) __TB_empty 0 0 0 1 1
( -144 -96 16 ) ( -143 -96 16 ) ( -144 -95 16 ) __TB_empty 0 0 0 1 1
( -128 -80 48 ) ( -128 -79 48 ) ( -127 -80 48 ) __TB_empty 0 0 0 1 1
( -128 -94 32 ) ( -127 -94 32 ) ( -128 -94 33 ) __TB_empty 0 0 0 1 1
( -128 -80 32 ) ( -128 -80 33 ) ( -128 -79 32 ) __TB_empty 0 0 0 1 1
}
// brush 7
{
( -4 -20 16 ) ( -4 -19 16 ) ( -4 -20 17 ) __TB_empty 0 0 0 1 1
( -4 -20 16 ) ( -4 -20 17 ) ( -3 -20 16 ) __TB_empty 0 0 0 1 1
( -4 -20 16 ) ( -3 -20 16 ) ( -4 -19 16 ) __TB_empty 0 0 0 1 1
( 36 -12 18 ) ( 36 -11 18 ) ( 37 -12 18 ) __TB_empty 0 0 0 1 1
( 36 -12 18 ) ( 37 -12 18 ) ( 36 -12 19 ) __TB_empty 0 0 0 1 1
( 36 -12 18 ) ( 36 -12 19 ) ( 36 -11 18 ) __TB_empty 0 0 0 1 1
}
}
// entity 1
{
"classname" "light_omni"
"origin" "-86 -66 40"
"light_radius" "64"
"light_energy" "1"
"light_enabled" "1"
"light_color" "255 221 158"
}
